1,1,118.11,333.44,139.26,58.74000000000001,1,1,1.0
1,2,732.0,265.04,72.89999999999998,40.73999999999995,1,1,1.0
1,3,208.11,248.94,94.72999999999996,41.68000000000001,1,1,1.0
2,1,97.9,337.99,136.45,57.69,1,1,1.0
2,2,717.6,267.03,75.75,41.400000000000034,1,1,1.0
2,3,208.15,248.91,94.73999999999998,41.76000000000002,1,1,1.0
3,1,73.9,342.53,137.43,56.650000000000034,1,1,1.0
3,2,703.2,269.01,78.59999999999991,42.06999999999999,1,1,1.0
3,3,208.19,248.89,94.74000000000001,41.84000000000003,1,1,1.0
4,1,49.6,347.08,144.4,55.60000000000002,1,1,1.0
4,2,688.8,271.0,79.66000000000008,42.74000000000001,1,1,1.0
4,3,208.24,248.87,94.73000000000002,41.90999999999997,1,1,1.0
5,1,24.6,349.7,145.57,61.19999999999999,1,1,1.0
5,2,674.4,272.99,80.73000000000002,43.39999999999998,1,1,1.0
5,3,208.28,248.85,94.73999999999998,41.97999999999999,1,1,1.0
6,1,0.0,353.6,146.34,65.69999999999999,1,1,1.0
6,2,660.0,274.97,81.78999999999996,44.06999999999999,1,1,1.0
6,3,208.33,248.83,94.72999999999999,42.04999999999998,1,1,1.0
7,1,0.18,358.66,121.41999999999999,62.21999999999997,1,1,1.0
7,2,645.6,276.96,82.85000000000002,44.73000000000002,1,1,1.0
7,3,208.37,248.8,94.74000000000001,42.129999999999995,1,1,1.0
8,1,0.36,361.8,102.34,63.5,1,1,1.0
8,2,631.2,278.94,83.90999999999997,45.39999999999998,1,1,1.0
8,3,208.41,248.78,94.73999999999998,42.21000000000001,1,1,1.0
9,1,0.54,366.1,76.99,59.829999999999984,1,1,1.0
9,2,616.8,280.93,84.98000000000002,46.06999999999999,1,1,1.0
9,3,208.46,248.76,94.72999999999999,42.28000000000003,1,1,1.0
10,1,0.72,370.4,51.65,56.170000000000016,1,1,1.0
10,2,602.4,282.91,86.04000000000008,46.73999999999995,1,1,1.0
10,3,208.5,248.74,94.74000000000001,42.349999999999966,1,1,1.0
11,2,588.0,284.9,87.10000000000002,47.400000000000034,1,1,1.0
11,3,208.55,248.72,94.72999999999996,42.41999999999999,1,1,1.0
12,2,571.46,287.14,89.33999999999992,48.52000000000004,1,1,1.0
12,3,208.59,248.69,94.73999999999998,42.5,1,1,1.0
13,2,554.93,289.37,91.57000000000005,49.65999999999997,1,1,1.0
13,3,208.63,248.67,94.74000000000001,42.58000000000001,1,1,1.0
14,2,538.39,291.61,93.81000000000006,50.77999999999997,1,1,1.0
14,3,208.68,248.65,94.74000000000001,42.650000000000006,1,1,1.0
15,2,521.85,293.85,96.04999999999995,51.89999999999998,1,1,1.0
15,3,208.72,248.63,94.73999999999998,42.72000000000003,1,1,1.0
16,2,505.32,296.08,96.79000000000002,53.04000000000002,1,1,1.0
16,3,208.77,248.61,94.72999999999999,42.789999999999964,1,1,1.0
17,2,488.78,298.32,97.55000000000007,54.160000000000025,1,1,1.0
17,3,208.81,248.58,94.74000000000001,42.869999999999976,1,1,1.0
18,2,472.25,300.55,98.28999999999996,55.30000000000001,1,1,1.0
18,3,208.85,248.56,94.73999999999998,42.94999999999999,1,1,1.0
19,2,455.71,302.79,99.05000000000001,56.41999999999996,1,1,1.0
19,3,208.9,248.54,94.73999999999998,43.02000000000001,1,1,1.0
20,2,439.17,305.03,99.80000000000001,57.54000000000002,1,1,1.0
20,3,208.94,248.52,94.74000000000001,43.09,1,1,1.0
21,2,422.64,307.26,100.55000000000007,58.68000000000001,1,1,1.0
21,3,208.99,248.5,94.73000000000002,43.160000000000025,1,1,1.0
22,2,406.1,309.5,101.29999999999995,59.80000000000001,1,1,1.0
22,3,209.03,248.47,94.73999999999998,43.23999999999998,1,1,1.0
23,2,385.35,313.19,106.47999999999996,60.47000000000003,1,1,1.0
23,3,209.07,248.45,94.74000000000001,43.31999999999999,1,1,1.0
24,2,364.6,316.88,111.66999999999996,61.139999999999986,1,1,1.0
24,3,209.12,248.43,94.74000000000001,43.389999999999986,1,1,1.0
25,2,343.85,320.57,116.84999999999997,61.81,1,1,1.0
25,3,209.16,248.41,94.73999999999998,43.46000000000001,1,1,1.0
26,2,323.1,324.26,118.42999999999995,62.48000000000002,1,1,1.0
26,3,209.21,248.39,94.72999999999999,43.53000000000003,1,1,1.0
27,2,302.35,327.95,120.00999999999999,63.150000000000034,1,1,1.0
27,3,209.25,248.36,94.74000000000001,43.620000000000005,1,1,1.0
28,2,281.6,331.64,121.58999999999997,63.81999999999999,1,1,1.0
28,3,209.3,248.34,94.72999999999996,43.68999999999997,1,1,1.0
29,2,260.85,335.33,123.15999999999997,64.49000000000001,1,1,1.0
29,3,209.34,248.32,94.73999999999998,43.75999999999999,1,1,1.0
30,2,240.1,339.02,124.73999999999998,65.16000000000003,1,1,1.0
30,3,209.38,248.3,94.74000000000001,43.829999999999984,1,1,1.0
31,2,219.35,342.71,126.32000000000002,65.83000000000004,1,1,1.0
31,3,209.43,248.28,94.73000000000002,43.900000000000006,1,1,1.0
32,2,198.6,346.4,127.9,66.5,1,1,1.0
32,3,209.47,248.25,94.73999999999998,43.99000000000001,1,1,1.0
33,2,178.8,350.09,128.89999999999998,68.30000000000001,1,1,1.0
33,3,209.52,248.23,94.72999999999999,44.06000000000003,1,1,1.0
34,2,151.4,353.78,134.20000000000002,70.10000000000002,1,1,1.0
34,3,209.56,248.21,94.74000000000001,44.12999999999997,1,1,1.0
35,2,125.0,357.47,141.2,71.89999999999998,1,1,1.0
35,3,209.6,248.19,94.73999999999998,44.19999999999999,1,1,1.0
36,2,100.6,361.16,141.87,73.69999999999999,1,1,1.0
36,3,209.65,248.17,94.72999999999999,44.27000000000001,1,1,1.0
37,2,74.5,364.85,147.1,75.5,1,1,1.0
37,3,209.69,248.14,94.74000000000001,44.360000000000014,1,1,1.0
38,2,42.7,368.54,154.60000000000002,77.29999999999995,1,1,1.0
38,3,209.74,248.12,94.73000000000002,44.43000000000001,1,1,1.0
39,2,17.0,372.23,156.0,79.09999999999997,1,1,1.0
39,3,209.78,248.1,94.73999999999998,44.50000000000003,1,1,1.0
40,2,0.2,375.92,148.5,80.89999999999998,1,1,1.0
40,3,209.82,248.08,94.74000000000001,43.92999999999998,1,1,1.0
41,2,0.4,379.61,124.0,82.69999999999999,1,1,1.0
41,3,209.87,248.06,94.74000000000001,43.370000000000005,1,1,1.0
42,2,0.6,383.3,99.5,84.5,1,1,1.0
42,3,209.91,248.03,94.73999999999998,42.809999999999974,1,1,1.0
43,2,0.6,394.7,75.80000000000001,73.10000000000002,1,1,1.0
43,3,209.96,248.01,94.72999999999999,42.25,1,1,1.0
44,2,0.6,402.3,51.199999999999996,65.5,1,1,1.0
44,3,210.0,247.99,94.74000000000001,41.68000000000001,1,1,1.0
45,3,210.0,248.15,94.74000000000001,41.79999999999998,1,1,1.0
46,3,210.0,248.31,94.74000000000001,41.920000000000016,1,1,1.0
47,3,210.0,248.47,94.74000000000001,42.03,1,1,1.0
48,3,210.0,248.62,94.74000000000001,42.15999999999997,1,1,1.0
49,3,210.0,248.78,94.74000000000001,42.27000000000001,1,1,1.0
50,3,210.0,248.94,94.74000000000001,42.389999999999986,1,1,1.0
51,3,210.0,249.1,94.74000000000001,42.51000000000002,1,1,1.0
51,4,949.9,230.0,10.100000000000023,54.94,1,1,1.0
52,3,210.0,249.26,94.74000000000001,42.620000000000005,1,1,1.0
52,4,947.1,230.0,12.899999999999977,54.94,1,1,1.0
53,3,210.0,249.42,94.74000000000001,42.74000000000004,1,1,1.0
53,4,941.4,228.1,18.600000000000023,56.84,1,1,1.0
54,3,210.0,249.58,94.74000000000001,42.849999999999994,1,1,1.0
54,4,936.7,228.1,23.299999999999955,56.84,1,1,1.0
55,3,210.0,249.74,94.74000000000001,42.96999999999997,1,1,1.0
55,4,932.0,225.3,28.0,64.39999999999998,1,1,1.0
56,3,210.0,249.89,94.74000000000001,43.10000000000002,1,1,1.0
56,4,927.3,225.3,32.700000000000045,64.39999999999998,1,1,1.0
57,3,210.0,250.05,94.74000000000001,43.20999999999998,1,1,1.0
57,4,925.4,225.3,34.60000000000002,67.19999999999999,1,1,1.0
58,3,210.0,250.21,94.74000000000001,43.33000000000001,1,1,1.0
58,4,916.0,224.4,44.0,72.79999999999998,1,1,1.0
59,3,210.0,250.37,94.74000000000001,43.44999999999999,1,1,1.0
59,4,913.2,224.4,46.799999999999955,72.79999999999998,1,1,1.0
60,3,210.0,250.53,94.74000000000001,43.559999999999974,1,1,1.0
60,4,907.5,224.4,52.5,72.79999999999998,1,1,1.0
61,3,210.0,250.69,94.74000000000001,43.68000000000001,1,1,1.0
61,4,902.8,224.4,57.200000000000045,72.79999999999998,1,1,1.0
62,3,210.0,250.85,94.74000000000001,43.78999999999999,1,1,1.0
62,4,897.1,224.4,62.89999999999998,72.79999999999998,1,1,1.0
63,3,210.0,251.01,94.74000000000001,43.910000000000025,1,1,1.0
63,4,889.5,227.2,70.5,72.80000000000001,1,1,1.0
64,3,210.0,251.16,94.74000000000001,44.03999999999999,1,1,1.0
64,4,884.8,227.2,75.20000000000005,78.5,1,1,1.0
65,3,210.0,251.32,94.74000000000001,44.150000000000034,1,1,1.0
65,4,878.2,227.2,81.79999999999995,78.5,1,1,1.0
66,3,210.0,251.48,94.74000000000001,44.27000000000001,1,1,1.0
66,4,874.4,227.2,85.60000000000002,78.5,1,1,1.0
67,3,210.0,251.64,94.74000000000001,44.379999999999995,1,1,1.0
67,4,864.9,227.2,95.10000000000002,78.5,1,1,1.0
68,3,210.0,251.8,94.74000000000001,44.5,1,1,1.0
68,4,859.3,227.2,100.70000000000005,83.19999999999999,1,1,1.0
69,3,210.0,251.55,94.74000000000001,44.75,1,1,1.0
69,4,853.6,227.2,106.39999999999998,83.19999999999999,1,1,1.0
70,3,210.0,251.3,94.74000000000001,45.0,1,1,1.0
70,4,846.0,227.2,114.0,83.19999999999999,1,1,1.0
71,3,210.0,252.0,94.74000000000001,44.30000000000001,1,1,1.0
71,4,837.4,227.2,122.60000000000002,85.10000000000002,1,1,1.0
72,3,210.0,252.7,94.74000000000001,43.60000000000002,1,1,1.0
72,4,834.6,227.2,125.39999999999998,85.10000000000002,1,1,1.0
73,3,210.0,252.7,94.74000000000001,43.60000000000002,1,1,1.0
73,4,827.0,227.2,133.0,85.10000000000002,1,1,1.0
73,5,820.11,255.6,21.789999999999964,27.440000000000026,1,1,0.0
74,3,210.0,252.7,94.74000000000001,43.60000000000002,1,1,1.0
74,4,816.6,229.1,143.39999999999998,87.00000000000003,1,1,1.0
74,5,811.38,255.98,22.56000000000006,28.390000000000015,1,1,0.0
75,3,210.0,252.7,94.74000000000001,43.60000000000002,1,1,1.0
75,4,812.8,229.1,147.20000000000005,87.00000000000003,1,1,1.0
75,5,802.66,256.36,23.32000000000005,29.329999999999984,1,1,0.0
76,3,210.0,252.7,94.74000000000001,43.60000000000002,1,1,1.0
76,4,804.3,231.9,155.70000000000005,84.20000000000002,1,1,1.0
76,5,793.94,256.74,24.079999999999927,30.279999999999973,1,1,0.0
77,3,210.0,252.7,94.74000000000001,43.60000000000002,1,1,1.0
77,4,797.7,231.9,162.29999999999995,89.9,1,1,1.0
77,5,785.22,257.12,24.839999999999918,31.230000000000018,1,1,0.0
78,3,210.0,252.7,94.74000000000001,43.60000000000002,1,1,1.0
78,4,789.26,232.67,165.39999999999998,91.46000000000001,1,1,1.0
78,5,776.5,257.5,25.600000000000023,32.170000000000016,1,1,0.0
79,3,210.0,252.7,94.74000000000001,43.60000000000002,1,1,1.0
79,4,780.83,233.45,168.5,93.0,1,1,1.0
79,5,767.78,257.88,26.360000000000014,33.120000000000005,1,1,0.0
79,6,944.21,232.83,14.18999999999994,35.97,1,1,0.0
80,3,210.0,252.7,94.74000000000001,43.60000000000002,1,1,1.0
80,4,772.39,234.22,171.60000000000002,94.55999999999997,1,1,1.0
80,5,759.06,258.26,27.120000000000005,34.06,1,1,0.0
80,6,938.53,233.59,14.190000000000055,35.97,1,1,0.0
81,3,210.0,252.7,94.74000000000001,43.60000000000002,1,1,1.0
81,4,763.95,234.99,174.69999999999993,96.12,1,1,1.0
81,5,750.34,258.64,27.879999999999995,35.00999999999999,1,1,0.0
81,6,932.84,234.35,14.18999999999994,35.97,1,1,0.0
82,3,210.0,252.7,94.74000000000001,43.60000000000002,1,1,1.0
82,4,755.52,235.76,177.80000000000007,97.68,1,1,1.0
82,5,741.62,259.02,28.639999999999986,35.950000000000045,1,1,0.0
82,6,927.16,235.1,14.190000000000055,35.97,1,1,0.0
83,3,210.0,252.7,94.74000000000001,43.60000000000002,1,1,1.0
83,4,747.08,236.54,180.89999999999998,99.22,1,1,1.0
83,5,732.9,259.4,29.399999999999977,36.900000000000034,1,1,0.0
83,6,921.47,235.86,14.18999999999994,35.96999999999997,1,1,0.0
84,3,210.0,252.7,94.74000000000001,43.60000000000002,1,1,1.0
84,4,738.65,237.31,183.99,100.77999999999997,1,1,1.0
84,5,721.15,259.78,33.57000000000005,37.28000000000003,1,1,0.0
84,6,915.79,236.62,14.190000000000055,35.96999999999997,1,1,0.0
85,3,210.0,252.7,94.74000000000001,43.60000000000002,1,1,1.0
85,4,730.21,238.08,187.0999999999999,102.34,1,1,1.0
85,5,709.4,260.16,37.74000000000001,37.65999999999997,1,1,0.0
85,6,910.1,237.38,14.18999999999994,35.97000000000003,1,1,0.0
86,3,210.0,252.7,94.74000000000001,43.60000000000002,1,1,1.0
86,4,721.77,238.85,190.20000000000005,103.9,1,1,1.0
86,5,697.65,260.54,41.90999999999997,38.039999999999964,1,1,0.0
86,6,904.42,238.14,14.190000000000055,35.97000000000003,1,1,0.0
87,3,210.0,252.7,94.74000000000001,43.60000000000002,1,1,1.0
87,4,713.34,239.63,193.29999999999995,105.44,1,1,1.0
87,5,685.9,260.92,46.08000000000004,38.41999999999996,1,1,0.0
87,6,898.74,238.89,14.18999999999994,35.97000000000003,1,1,0.0
88,3,210.0,252.7,94.74000000000001,43.60000000000002,1,1,1.0
88,4,704.9,240.4,196.39999999999998,106.99999999999997,1,1,1.0
88,5,674.15,261.3,50.25,38.80000000000001,1,1,0.0
88,6,893.05,239.65,14.190000000000055,35.97,1,1,0.0
89,3,210.0,252.7,94.74000000000001,43.60000000000002,1,1,1.0
89,4,692.97,241.06,201.41999999999996,108.89999999999998,1,1,1.0
89,5,662.4,261.68,54.42000000000007,39.18000000000001,1,1,0.0
89,6,887.37,240.41,14.18999999999994,35.97,1,1,0.0
90,3,210.0,252.7,94.74000000000001,43.60000000000002,1,1,1.0
90,4,681.04,241.72,206.44000000000005,110.79999999999998,1,1,1.0
90,5,650.65,262.06,58.59000000000003,39.56,1,1,0.0
90,6,876.38,240.98,17.5,34.54999999999998,1,1,0.0
91,3,210.0,252.7,94.74000000000001,43.60000000000002,1,1,1.0
91,4,669.11,242.38,211.46000000000004,112.69999999999999,1,1,1.0
91,5,638.9,262.44,62.75999999999999,39.94,1,1,0.0
91,6,865.39,241.55,20.82000000000005,33.129999999999995,1,1,0.0
92,3,210.0,252.7,94.74000000000001,43.60000000000002,1,1,1.0
92,4,657.18,243.04,216.48000000000002,114.6,1,1,1.0
92,5,627.15,262.82,66.93000000000006,40.31999999999999,1,1,0.0
92,6,854.41,242.12,24.129999999999995,31.71999999999997,1,1,0.0
93,3,210.0,252.7,94.74000000000001,43.60000000000002,1,1,1.0
93,4,645.25,243.7,221.5,116.5,1,1,1.0
93,5,615.4,263.2,71.10000000000002,40.69999999999999,1,1,0.0
93,6,843.42,242.69,27.440000000000055,30.30000000000001,1,1,0.0
94,3,210.0,252.7,94.74000000000001,43.60000000000002,1,1,1.0
94,4,633.32,244.36,226.51999999999998,118.39999999999998,1,1,1.0
94,5,602.14,263.58,73.94000000000005,40.99000000000001,1,1,0.0
94,6,832.43,243.25,30.760000000000105,28.889999999999986,1,1,0.0
95,3,210.0,252.7,94.74000000000001,43.60000000000002,1,1,1.0
95,4,621.39,245.02,231.53999999999996,120.29999999999998,1,1,1.0
95,5,588.88,263.96,76.77999999999997,41.28000000000003,1,1,0.0
95,6,821.45,243.82,34.069999999999936,27.470000000000027,1,1,0.0
96,3,210.0,252.7,94.74000000000001,43.60000000000002,1,1,1.0
96,4,609.46,245.68,236.55999999999995,122.19999999999999,1,1,1.0
96,5,575.62,264.34,79.62,41.57000000000005,1,1,0.0
96,6,810.46,244.39,37.379999999999995,26.05000000000001,1,1,0.0
97,3,210.0,252.7,94.74000000000001,43.60000000000002,1,1,1.0
97,4,597.53,246.34,241.58000000000004,124.1,1,1,1.0
97,5,562.36,264.72,82.46000000000004,41.85999999999996,1,1,0.0
97,6,799.47,244.96,40.69999999999993,24.640000000000015,1,1,0.0
98,3,210.0,252.7,94.74000000000001,43.60000000000002,1,1,1.0
98,4,585.6,247.0,246.60000000000002,126.0,1,1,1.0
98,5,549.1,265.1,85.29999999999995,42.14999999999998,1,1,0.0
98,6,788.49,245.53,44.0,23.22,1,1,0.0
99,3,210.0,252.7,94.74000000000001,43.60000000000002,1,1,1.0
99,4,572.72,247.56,250.57999999999993,128.27999999999997,1,1,1.0
99,5,535.84,265.48,88.13999999999999,42.44,1,1,0.0
99,6,777.5,246.1,47.32000000000005,21.799999999999983,1,1,0.0
100,3,210.0,252.7,94.74000000000001,43.60000000000002,1,1,1.0
100,4,559.84,248.12,254.55999999999995,130.56,1,1,1.0
100,5,522.58,265.86,90.9799999999999,42.72999999999996,1,1,0.0
100,6,763.82,247.05,50.66999999999996,21.620000000000005,1,1,0.0
101,3,210.0,252.7,94.74000000000001,43.60000000000002,1,1,1.0
101,4,546.96,248.68,258.53999999999996,132.83999999999997,1,1,1.0
101,5,509.32,266.24,93.82,43.01999999999998,1,1,0.0
101,6,750.14,248.0,54.02999999999997,21.430000000000007,1,1,0.0
102,3,210.0,252.7,94.74000000000001,43.60000000000002,1,1,1.0
102,4,534.08,249.24,262.52,135.12,1,1,1.0
102,5,496.06,266.62,96.66000000000003,43.31,1,1,0.0
102,6,736.46,248.95,57.379999999999995,21.25,1,1,0.0
103,3,210.0,252.7,94.74000000000001,43.60000000000002,1,1,1.0
103,4,521.2,249.8,266.5,137.39999999999998,1,1,1.0
103,5,482.8,267.0,99.49999999999994,43.60000000000002,1,1,0.0
103,6,722.78,249.9,60.73000000000002,21.07000000000002,1,1,0.0
104,3,210.0,252.7,94.74000000000001,43.60000000000002,1,1,1.0
104,4,505.19,252.45,272.66,139.68,1,1,1.0
104,5,468.59,267.66,100.92000000000002,43.599999999999966,1,1,0.0
104,6,709.1,250.85,64.07999999999993,20.880000000000024,1,1,0.0
104,7,949.89,235.67,9.480000000000018,29.370000000000033,1,1,1.0
105,3,210.0,252.7,94.74000000000001,43.60000000000002,1,1,1.0
105,4,489.18,255.1,278.82,141.96,1,1,1.0
105,5,454.38,268.32,102.34000000000003,43.60000000000002,1,1,0.0
105,6,700.6,251.8,62.25999999999999,20.69999999999999,1,1,0.0
105,7,946.1,228.1,13.269999999999982,36.940000000000026,1,1,1.0
106,3,210.0,252.7,94.74000000000001,43.60000000000002,1,1,1.0
106,4,473.17,257.75,284.97999999999996,144.24,1,1,1.0
106,5,440.17,268.98,103.75999999999993,43.599999999999966,1,1,0.0
106,6,688.35,252.75,64.17999999999995,21.69999999999999,1,1,0.0
106,7,938.5,216.7,20.870000000000005,48.34000000000003,1,1,1.0
107,3,210.0,252.7,94.74000000000001,43.60000000000002,1,1,1.0
107,4,457.16,260.4,291.13999999999993,146.52000000000004,1,1,1.0
107,5,425.96,269.64,105.18,43.60000000000002,1,1,1.0
107,6,676.1,253.7,66.10000000000002,22.69999999999999,1,1,0.0
107,7,937.6,212.0,21.769999999999982,56.80000000000001,1,1,1.0
108,3,210.0,252.7,94.74000000000001,43.60000000000002,1,1,1.0
108,4,441.15,263.05,297.30000000000007,148.8,1,1,1.0
108,5,411.75,270.3,106.60000000000002,43.599999999999966,1,1,1.0
108,6,662.85,254.65,69.01999999999998,22.24999999999997,1,1,0.0
108,7,933.8,213.9,25.57000000000005,54.900000000000006,1,1,1.0
109,3,210.0,252.7,94.74000000000001,43.60000000000002,1,1,1.0
109,4,425.14,265.7,303.46000000000004,151.07999999999998,1,1,1.0
109,5,397.54,270.96,108.01999999999998,43.60000000000002,1,1,1.0
109,6,649.6,255.6,71.94999999999993,21.799999999999983,1,1,0.0
109,7,930.0,213.9,29.370000000000005,54.900000000000006,1,1,1.0
110,3,210.0,252.7,94.74000000000001,43.60000000000002,1,1,1.0
110,4,409.13,268.35,309.62,153.35999999999996,1,1,1.0
110,5,383.33,271.62,109.44,43.60000000000002,1,1,1.0
110,6,627.8,254.7,84.30000000000007,24.600000000000023,1,1,0.0
110,7,926.2,212.0,33.16999999999996,56.80000000000001,1,1,1.0
111,3,210.0,252.7,94.74000000000001,43.60000000000002,1,1,1.0
111,4,393.12,271.0,315.78,155.64,1,1,1.0
111,5,369.12,272.28,110.86000000000001,43.60000000000002,1,1,1.0
111,6,612.6,256.6,90.0,22.69999999999999,1,1,0.0
111,7,919.6,211.1,39.76999999999998,57.70000000000002,1,1,1.0
112,3,210.0,252.7,94.74000000000001,43.60000000000002,1,1,1.0
112,4,377.11,273.65,321.93999999999994,157.92000000000002,1,1,1.0
112,5,354.91,272.94,112.27999999999997,43.60000000000002,1,1,1.0
112,6,598.4,256.6,92.80000000000007,22.69999999999999,1,1,0.0
112,7,915.8,211.1,43.57000000000005,57.70000000000002,1,1,1.0
113,3,210.0,252.7,94.74000000000001,43.60000000000002,1,1,1.0
113,4,361.1,276.3,328.1,160.2,1,1,1.0
113,5,340.7,273.6,113.69999999999999,43.599999999999966,1,1,1.0
113,6,580.4,256.6,94.70000000000005,31.19999999999999,1,1,0.0
113,7,910.1,210.15,49.26999999999998,59.54999999999998,1,1,1.0
114,3,210.0,252.7,94.74000000000001,43.60000000000002,1,1,1.0
114,4,342.2,281.0,335.59999999999997,155.5,1,1,1.0
114,5,331.2,274.5,108.94999999999999,42.69999999999999,1,1,1.0
114,6,566.2,256.6,98.5,31.19999999999999,1,1,0.0
114,7,906.8,210.15,52.57000000000005,59.54999999999998,1,1,1.0
115,3,210.0,252.7,94.74000000000001,43.60000000000002,1,1,1.0
115,4,319.5,281.0,358.29999999999995,159.3,1,1,1.0
115,5,314.1,276.4,109.89999999999998,40.80000000000001,1,1,1.0
115,6,556.75,257.05,95.64999999999998,30.75,1,1,0.0
115,7,903.5,210.15,55.870000000000005,59.54999999999998,1,1,1.0
116,3,210.0,252.7,94.74000000000001,43.60000000000002,1,1,1.0
116,4,306.2,281.0,349.8,159.3,1,1,1.0
116,5,299.9,277.3,113.70000000000005,39.89999999999998,1,1,1.0
116,6,547.3,257.5,92.80000000000007,30.30000000000001,1,1,0.0
116,7,897.8,210.15,61.57000000000005,61.45000000000002,1,1,1.0
117,3,210.0,252.7,94.74000000000001,43.60000000000002,1,1,1.0
117,4,284.4,281.0,361.20000000000005,164.0,1,1,1.0
117,5,282.8,280.1,113.69999999999999,37.099999999999966,1,1,1.0
117,6,531.97,258.19,94.77999999999997,31.930000000000007,1,1,0.0
117,7,892.29,210.93,63.72000000000003,61.70999999999998,1,1,1.0
118,3,210.0,252.7,94.74000000000001,43.60000000000002,1,1,1.0
118,4,260.62,283.37,372.95000000000005,168.74,1,1,1.0
118,5,265.84,281.43,115.03000000000003,38.04000000000002,1,1,1.0
118,6,516.65,258.88,96.75999999999999,33.56,1,1,0.0
118,7,886.78,211.71,65.86000000000001,61.96000000000001,1,1,1.0
119,3,210.0,252.7,94.74000000000001,43.60000000000002,1,1,1.0
119,4,236.85,285.73,384.69999999999993,173.47999999999996,1,1,1.0
119,5,248.88,282.76,116.36000000000001,38.99000000000001,1,1,1.0
119,6,501.32,259.57,98.73999999999995,35.18000000000001,1,1,0.0
119,7,881.27,212.48,68.00999999999999,62.22999999999999,1,1,1.0
120,3,210.0,252.7,94.74000000000001,43.60000000000002,1,1,1.0
120,4,213.07,288.1,396.45,178.21999999999997,1,1,1.0
120,5,231.93,284.09,117.68,39.93000000000001,1,1,1.0
120,6,485.99,260.26,100.73000000000002,36.81,1,1,0.0
120,7,875.76,213.26,70.15999999999997,62.49000000000001,1,1,1.0
121,3,210.0,252.7,94.74000000000001,43.60000000000002,1,1,1.0
121,4,189.29,290.46,408.20000000000005,182.96000000000004,1,1,1.0
121,5,214.97,285.42,119.01000000000002,40.879999999999995,1,1,1.0
121,6,470.66,260.95,102.70999999999998,38.44,1,1,0.0
121,7,870.25,214.04,72.30999999999995,62.73999999999998,1,1,1.0
122,3,210.0,252.7,94.74000000000001,43.60000000000002,1,1,1.0
122,4,165.51,292.83,419.95000000000005,187.7,1,1,1.0
122,5,198.01,286.75,120.34000000000003,41.81999999999999,1,1,1.0
122,6,455.34,261.65,104.69,40.06,1,1,0.0
122,7,864.75,214.81,74.45000000000005,63.00999999999999,1,1,1.0
123,3,210.0,252.7,94.74000000000001,43.60000000000002,1,1,1.0
123,4,141.74,295.19,431.70000000000005,192.44,1,1,1.0
123,5,181.05,288.08,121.67000000000002,42.75999999999999,1,1,1.0
123,6,440.01,262.34,106.66999999999996,41.69,1,1,0.0
123,7,859.24,215.59,76.60000000000002,63.26000000000002,1,1,1.0
124,3,210.0,252.7,94.74000000000001,43.60000000000002,1,1,1.0
124,4,117.96,297.56,443.45,197.18,1,1,1.0
124,5,164.09,289.41,122.99999999999997,43.70999999999998,1,1,1.0
124,6,424.68,263.03,108.66000000000003,43.32000000000005,1,1,1.0
124,7,853.73,216.37,78.75,63.51999999999998,1,1,1.0
125,3,210.0,252.7,94.74000000000001,43.60000000000002,1,1,1.0
125,4,94.18,299.93,455.2,201.92000000000002,1,1,1.0
125,5,147.14,290.74,124.32,44.64999999999998,1,1,1.0
125,6,409.35,263.72,110.63999999999999,44.94,1,1,1.0
125,7,848.22,217.15,80.89999999999998,63.78,1,1,1.0
126,3,210.0,252.7,94.74000000000001,43.60000000000002,1,1,1.0
126,4,70.4,302.29,466.95000000000005,206.65999999999997,1,1,1.0
126,5,130.18,292.07,125.65,45.59000000000003,1,1,1.0
126,6,394.03,264.41,112.62,46.56999999999999,1,1,1.0
126,7,842.71,217.92,83.04999999999995,64.03999999999999,1,1,1.0
127,3,210.0,252.7,94.74000000000001,43.60000000000002,1,1,1.0
127,4,46.63,304.66,478.70000000000005,211.39999999999992,1,1,1.0
127,5,113.22,293.4,126.97999999999999,46.54000000000002,1,1,1.0
127,6,378.7,265.1,114.60000000000002,48.19999999999999,1,1,1.0
127,7,837.2,218.7,85.19999999999993,64.30000000000001,1,1,1.0
128,3,210.0,252.7,94.74000000000001,43.60000000000002,1,1,1.0
128,4,39.97,308.07,467.91999999999996,211.32,1,1,1.0
128,5,97.16,294.83,125.70000000000002,46.920000000000016,1,1,1.0
128,6,362.6,266.33,116.38999999999999,48.58000000000004,1,1,1.0
128,7,830.44,219.17,86.27999999999997,64.87000000000003,1,1,1.0
129,3,210.0,252.7,94.74000000000001,43.60000000000002,1,1,1.0
129,4,33.3,311.49,457.15999999999997,211.24,1,1,1.0
129,5,81.1,296.26,124.42000000000002,47.30000000000001,1,1,1.0
129,6,346.49,267.56,118.19,48.95999999999998,1,1,1.0
129,7,823.69,219.64,87.34999999999991,65.44,1,1,1.0
130,3,210.0,252.7,94.74000000000001,43.60000000000002,1,1,1.0
130,4,26.64,314.9,446.39,211.15999999999997,1,1,1.0
130,5,65.04,297.69,123.14,47.670000000000016,1,1,1.0
130,6,330.38,268.79,119.99000000000001,49.339999999999975,1,1,1.0
130,7,816.93,220.11,88.43000000000006,66.01999999999998,1,1,1.0
131,3,210.0,252.7,94.74000000000001,43.60000000000002,1,1,1.0
131,4,19.98,318.31,435.62,211.08999999999997,1,1,1.0
131,5,48.98,299.11,121.86000000000001,48.06,1,1,1.0
131,6,314.28,270.02,121.78000000000003,49.72000000000003,1,1,1.0
131,7,810.18,220.58,89.5,66.59,1,1,1.0
132,3,210.0,252.7,94.74000000000001,43.60000000000002,1,1,1.0
132,4,13.32,321.73,424.84000000000003,211.0,1,1,1.0
132,5,32.92,300.54,120.58,48.44,1,1,1.0
132,6,298.17,271.25,123.57999999999998,50.10000000000002,1,1,1.0
132,7,803.42,221.05,90.58000000000004,67.15999999999997,1,1,1.0
133,3,210.0,252.7,94.74000000000001,43.60000000000002,1,1,1.0
133,4,6.66,325.14,414.07,210.93000000000006,1,1,1.0
133,5,16.86,301.97,119.3,48.81999999999999,1,1,1.0
133,6,282.07,272.48,125.37,50.47999999999996,1,1,1.0
133,7,796.67,221.52,91.65000000000009,67.72999999999999,1,1,1.0
134,3,210.0,252.7,94.74000000000001,43.60000000000002,1,1,1.0
134,4,0.0,328.56,403.3,210.83999999999997,1,1,1.0
134,5,0.8,303.4,118.02,49.200000000000045,1,1,1.0
134,6,265.96,273.71,127.17000000000002,50.860000000000014,1,1,1.0
134,7,789.91,221.99,92.73000000000002,68.30000000000001,1,1,1.0
134,8,680.84,525.57,89.04999999999995,14.42999999999995,1,1,1.0
135,3,210.0,252.7,94.74000000000001,43.60000000000002,1,1,1.0
135,4,0.4,331.97,385.47,207.63,1,1,1.0
135,5,0.53,304.83,100.95,47.34000000000003,1,1,1.0
135,6,249.86,274.94,128.95999999999998,51.24000000000001,1,1,1.0
135,7,783.16,222.46,93.80000000000007,68.87999999999997,1,1,1.0
135,8,680.84,522.7,116.55999999999995,17.299999999999955,1,1,1.0
136,3,210.0,252.7,94.74000000000001,43.60000000000002,1,1,1.0
136,4,0.8,335.39,367.63,204.40999999999997,1,1,1.0
136,5,0.27,306.27,83.87,45.47000000000003,1,1,1.0
136,6,233.75,276.17,130.76,51.620000000000005,1,1,1.0
136,7,776.4,222.93,94.88,69.44999999999999,1,1,1.0
136,8,680.84,516.1,134.55999999999995,23.899999999999977,1,1,1.0
137,3,210.0,252.7,94.74000000000001,43.60000000000002,1,1,1.0
137,4,1.2,338.8,349.8,201.2,1,1,1.0
137,5,0.0,307.7,66.8,43.610000000000014,1,1,1.0
137,6,217.65,277.4,132.54999999999998,52.0,1,1,1.0
137,7,772.78,223.4,92.82000000000005,70.02000000000001,1,1,1.0
137,8,694.1,507.6,141.19999999999993,32.39999999999998,1,1,1.0
138,3,210.0,252.7,94.74000000000001,43.60000000000002,1,1,1.0
138,4,1.2,338.8,330.90000000000003,201.2,1,1,1.0
138,5,0.0,307.7,46.9,43.610000000000014,1,1,1.0
138,6,204.4,277.4,126.9,52.0,1,1,1.0
138,7,760.5,223.4,100.79999999999995,70.02000000000001,1,1,1.0
138,8,694.1,503.8,152.60000000000002,36.19999999999999,1,1,1.0
139,3,210.0,252.7,94.74000000000001,43.60000000000002,1,1,1.0
139,4,1.2,342.6,312.0,197.39999999999998,1,1,1.0
139,6,191.1,277.4,124.1,52.0,1,1,1.0
139,7,753.9,223.4,100.30000000000007,70.02000000000001,1,1,1.0
139,8,694.1,497.2,163.0,42.80000000000001,1,1,1.0
140,3,210.0,252.7,94.74000000000001,43.60000000000002,1,1,1.0
140,4,1.2,346.9,287.1,193.10000000000002,1,1,1.0
140,6,172.7,277.4,126.30000000000001,59.60000000000002,1,1,1.0
140,7,747.4,223.4,103.60000000000002,70.02000000000001,1,1,1.0
140,8,694.1,492.9,169.5,47.10000000000002,1,1,1.0
141,3,210.0,252.7,94.74000000000001,43.60000000000002,1,1,1.0
141,4,1.2,351.55,263.27000000000004,188.45,1,1,1.0
141,6,155.43,278.7,127.54000000000002,59.81999999999999,1,1,1.0
141,7,739.49,224.05,103.92999999999995,70.01999999999998,1,1,1.0
141,8,706.67,487.81,164.08000000000004,51.31999999999999,1,1,1.0
142,3,210.0,252.7,94.74000000000001,43.60000000000002,1,1,1.0
142,4,1.2,356.2,239.44,183.8,1,1,1.0
142,6,138.16,280.0,128.78,60.02999999999997,1,1,1.0
142,7,731.58,224.7,104.25999999999999,70.02000000000004,1,1,1.0
142,8,719.24,482.72,158.65999999999997,55.539999999999964,1,1,1.0
143,3,210.0,252.7,94.74000000000001,43.60000000000002,1,1,1.0
143,4,1.2,360.85,215.61,179.14999999999998,1,1,1.0
143,6,120.89,281.3,130.01999999999998,60.25,1,1,1.0
143,7,723.68,225.35,104.58000000000004,70.02000000000001,1,1,1.0
143,8,731.81,477.63,153.24,59.75999999999999,1,1,1.0
144,3,210.0,252.7,94.74000000000001,43.60000000000002,1,1,1.0
144,4,1.2,365.5,191.78,174.5,1,1,1.0
144,6,103.62,282.6,131.26,60.46999999999997,1,1,1.0
144,7,715.77,226.0,104.90999999999997,70.01999999999998,1,1,1.0
144,8,744.38,472.54,147.82000000000005,63.97999999999996,1,1,1.0
145,3,210.0,252.7,94.74000000000001,43.60000000000002,1,1,1.0
145,4,1.2,370.15,167.95000000000002,169.85000000000002,1,1,1.0
145,6,86.35,283.9,132.5,60.68000000000001,1,1,1.0
145,7,707.86,226.65,105.24000000000001,70.02000000000001,1,1,1.0
145,8,756.95,467.45,142.39999999999998,68.19999999999999,1,1,1.0
146,3,210.0,252.7,94.74000000000001,43.60000000000002,1,1,1.0
146,4,1.2,374.8,144.12,165.2,1,1,1.0
146,6,69.08,285.2,133.74,60.900000000000034,1,1,1.0
146,7,699.95,227.3,105.56999999999994,70.01999999999998,1,1,1.0
146,8,769.52,462.36,136.98000000000002,72.41999999999996,1,1,1.0
147,3,210.0,252.7,94.74000000000001,43.60000000000002,1,1,1.0
147,4,1.2,379.45,120.28999999999999,160.55,1,1,1.0
147,6,51.81,286.5,134.98,61.120000000000005,1,1,1.0
147,7,692.04,227.95,105.90000000000009,70.02000000000004,1,1,1.0
147,8,782.09,457.27,131.55999999999995,76.63999999999999,1,1,1.0
148,3,210.0,252.7,94.74000000000001,43.60000000000002,1,1,1.0
148,4,1.2,384.1,96.46,155.89999999999998,1,1,1.0
148,6,34.54,287.8,136.22,61.329999999999984,1,1,1.0
148,7,684.14,228.6,106.22000000000003,70.02000000000001,1,1,1.0
148,8,794.66,452.18,126.13999999999999,80.85999999999996,1,1,1.0
149,3,210.0,252.7,94.74000000000001,43.60000000000002,1,1,1.0
149,4,1.2,388.75,72.63,151.25,1,1,1.0
149,6,17.27,289.1,137.45999999999998,61.549999999999955,1,1,1.0
149,7,676.23,229.25,106.54999999999995,70.01999999999998,1,1,1.0
149,8,807.23,447.09,120.72000000000003,85.07999999999998,1,1,1.0
150,3,210.0,252.7,94.74000000000001,43.60000000000002,1,1,1.0
150,4,1.2,393.4,48.8,146.60000000000002,1,1,1.0
150,6,0.0,290.4,138.7,61.77000000000004,1,1,1.0
150,7,668.32,229.9,106.88,70.02000000000001,1,1,1.0
150,8,819.8,442.0,115.30000000000007,89.29999999999995,1,1,1.0
151,3,210.0,252.7,94.74000000000001,43.60000000000002,1,1,1.0
151,6,0.0,290.4,121.4,61.77000000000004,1,1,1.0
151,7,658.6,229.9,107.89999999999998,70.02000000000001,1,1,1.0
151,8,824.1,436.6,119.69999999999993,90.39999999999998,1,1,1.0
152,3,210.0,252.7,94.74000000000001,43.60000000000002,1,1,1.0
152,6,0.0,290.4,103.0,61.77000000000004,1,1,1.0
152,7,649.9,229.9,112.30000000000007,70.02000000000001,1,1,1.0
152,8,829.52,432.27,119.70000000000005,90.39999999999998,1,1,1.0
153,3,210.0,252.7,94.74000000000001,43.60000000000002,1,1,1.0
153,6,0.0,290.4,85.7,61.77000000000004,1,1,1.0
153,7,639.1,229.9,115.5,70.02000000000001,1,1,1.0
153,8,844.7,426.9,109.89999999999998,82.80000000000001,1,1,1.0
154,3,210.0,252.7,94.74000000000001,43.60000000000002,1,1,1.0
154,6,0.0,294.7,68.4,57.47000000000003,1,1,1.0
154,7,627.2,229.9,116.59999999999991,71.1,1,1,1.0
154,8,844.7,422.6,115.29999999999995,87.09999999999997,1,1,1.0
155,3,210.0,252.7,94.74000000000001,43.60000000000002,1,1,1.0
155,6,0.0,294.7,51.1,57.47000000000003,1,1,1.0
155,7,617.5,229.9,117.60000000000002,74.29999999999998,1,1,1.0
155,8,859.9,422.6,100.10000000000002,74.09999999999997,1,1,1.0
156,3,210.0,252.7,94.74000000000001,43.60000000000002,1,1,1.0
156,6,0.0,294.7,28.4,57.47000000000003,1,1,1.0
156,7,609.9,229.9,118.70000000000005,75.4,1,1,1.0
156,8,859.9,416.1,100.10000000000002,80.59999999999997,1,1,1.0
157,3,210.0,252.7,94.74000000000001,43.60000000000002,1,1,1.0
157,7,599.1,229.9,123.0,79.70000000000002,1,1,1.0
157,8,871.8,416.1,88.20000000000005,69.79999999999995,1,1,1.0
158,3,210.0,252.7,94.74000000000001,43.60000000000002,1,1,1.0
158,7,591.5,229.9,120.89999999999998,79.70000000000002,1,1,1.0
158,8,881.5,410.7,78.5,74.10000000000002,1,1,1.0
159,3,210.0,252.7,94.74000000000001,43.60000000000002,1,1,1.0
159,7,578.5,229.9,123.10000000000002,79.70000000000002,1,1,1.0
159,8,889.12,408.5,69.79999999999995,68.72000000000003,1,1,1.0
160,3,210.0,252.7,94.74000000000001,43.60000000000002,1,1,1.0
160,7,572.0,229.9,120.89999999999998,79.70000000000002,1,1,1.0
160,8,891.3,404.2,68.70000000000005,73.02000000000004,1,1,1.0
161,3,210.0,252.7,94.74000000000001,43.60000000000002,1,1,1.0
161,7,561.2,229.9,123.0,79.70000000000002,1,1,1.0
161,8,898.8,399.9,61.200000000000045,74.10000000000002,1,1,1.0
162,3,210.0,252.7,94.74000000000001,43.60000000000002,1,1,1.0
162,7,550.4,229.9,125.10000000000002,79.70000000000002,1,1,1.0
162,8,905.3,397.7,54.700000000000045,72.0,1,1,1.0
163,3,210.0,252.7,94.74000000000001,43.60000000000002,1,1,1.0
163,7,542.8,229.9,121.90000000000009,79.70000000000002,1,1,1.0
163,8,909.6,393.4,50.39999999999998,69.80000000000001,1,1,1.0
164,3,210.0,252.7,94.74000000000001,43.60000000000002,1,1,1.0
164,7,533.0,229.9,123.0,76.4,1,1,1.0
164,8,917.2,393.4,42.799999999999955,65.5,1,1,1.0
165,3,210.0,252.7,94.74000000000001,43.60000000000002,1,1,1.0
165,7,515.7,229.9,128.39999999999998,83.99999999999997,1,1,1.0
165,8,921.6,390.2,38.39999999999998,68.69999999999999,1,1,1.0
166,3,210.0,252.7,94.74000000000001,43.60000000000002,1,1,1.0
166,7,504.9,229.9,128.39999999999998,83.99999999999997,1,1,1.0
166,8,927.0,384.8,33.0,74.09999999999997,1,1,1.0
167,3,210.0,252.7,94.74000000000001,43.60000000000002,1,1,1.0
167,7,490.8,229.9,133.8,83.99999999999997,1,1,1.0
167,8,931.85,384.8,28.149999999999977,69.19999999999999,1,1,1.0
168,3,210.0,252.7,94.74000000000001,43.60000000000002,1,1,1.0
168,7,482.1,229.9,132.69999999999993,83.99999999999997,1,1,1.0
168,8,936.7,384.8,23.299999999999955,64.30000000000001,1,1,1.0
169,3,210.0,252.7,94.74000000000001,43.60000000000002,1,1,1.0
169,7,469.1,231.0,134.89999999999998,82.89999999999998,1,1,1.0
169,8,944.3,384.8,15.700000000000045,55.599999999999966,1,1,1.0
170,3,210.0,252.7,94.74000000000001,43.60000000000002,1,1,1.0
170,7,459.3,231.0,135.99999999999994,82.89999999999998,1,1,1.0
171,3,210.0,252.7,94.74000000000001,43.60000000000002,1,1,1.0
171,7,445.2,235.3,136.00000000000006,78.59999999999997,1,1,1.0
172,3,210.0,252.7,94.74000000000001,43.60000000000002,1,1,1.0
172,7,435.5,235.3,134.89999999999998,78.59999999999997,1,1,1.0
173,3,210.0,252.7,94.74000000000001,43.60000000000002,1,1,1.0
173,7,423.8,235.3,136.08999999999997,79.78999999999996,1,1,1.0
174,3,210.0,252.7,94.74000000000001,43.60000000000002,1,1,1.0
174,7,412.1,235.3,137.27999999999997,80.97999999999996,1,1,1.0
175,3,210.0,252.7,94.74000000000001,43.60000000000002,1,1,1.0
175,7,400.4,235.3,138.47000000000003,82.17000000000002,1,1,1.0
176,3,210.0,252.7,94.74000000000001,43.60000000000002,1,1,1.0
176,7,388.7,235.3,139.66000000000003,83.36000000000001,1,1,1.0
177,3,210.0,252.7,94.74000000000001,43.60000000000002,1,1,1.0
177,7,377.0,235.3,140.85000000000002,84.55000000000001,1,1,1.0
178,3,210.0,252.7,94.74000000000001,43.60000000000002,1,1,1.0
178,7,365.3,235.3,142.03999999999996,85.74000000000001,1,1,1.0
179,3,210.0,252.7,94.74000000000001,43.60000000000002,1,1,1.0
179,7,353.6,235.3,143.22999999999996,86.93,1,1,1.0
180,3,210.0,252.7,94.74000000000001,43.60000000000002,1,1,1.0
180,7,341.9,235.3,144.42000000000002,88.12,1,1,1.0
181,3,210.0,252.7,94.74000000000001,43.60000000000002,1,1,1.0
181,7,330.2,235.3,145.61,89.31,1,1,1.0
182,3,210.0,252.7,94.74000000000001,43.60000000000002,1,1,1.0
182,7,318.5,235.3,146.8,90.5,1,1,1.0
183,3,210.0,252.7,94.74000000000001,43.60000000000002,1,1,1.0
183,7,307.12,236.11,146.81,89.95999999999998,1,1,1.0
184,3,210.0,252.7,94.74000000000001,43.60000000000002,1,1,1.0
184,7,295.75,236.92,146.8,89.43000000000004,1,1,1.0
185,3,210.0,252.7,94.74000000000001,43.60000000000002,1,1,1.0
185,7,284.38,237.74,146.8,88.88,1,1,1.0
186,3,210.0,252.7,94.74000000000001,43.60000000000002,1,1,1.0
186,7,273.0,238.55,146.8,88.34999999999997,1,1,1.0
187,3,210.0,252.7,94.74000000000001,43.60000000000002,1,1,1.0
187,7,261.62,239.36,146.81,87.81,1,1,1.0
188,3,210.0,252.7,94.74000000000001,43.60000000000002,1,1,0.0
188,7,250.25,240.17,146.8,87.28,1,1,1.0
189,3,210.0,252.7,94.74000000000001,43.60000000000002,1,1,0.0
189,7,238.88,240.99,146.8,86.73000000000002,1,1,1.0
190,3,210.0,252.7,94.74000000000001,43.60000000000002,1,1,0.0
190,7,227.5,241.8,146.8,86.19999999999999,1,1,1.0
